-6.844402638050914 0 0 0 0 0 0 
-0.030654183548341443 3 0 0 0 0 0 
-0.11761589697121685 0 3 0 0 0 0 
-0.3327453957967613 0 0 3 0 0 0 
-0.030654183548341443 0 0 0 3 0 0 
-0.11761589697121687 0 0 0 0 3 0 
-0.3327453957967614 0 0 0 0 0 3 
-0.0014634136416870327 1 1 0 0 0 0 
-0.0014634136416870327 2 2 0 0 0 0 
0.05929524181655192 3 3 0 0 0 0 
0.005429951066670491 1 3 1 0 0 0 
0.005429951066670491 2 3 2 0 0 0 
0.08424382575133188 3 0 3 0 0 0 
0.1310657903562435 3 0 0 3 0 0 
0.06166171996483143 3 0 0 0 3 0 
0.11484773717018451 3 0 0 0 0 3 
0.016169488159113433 0 1 1 0 0 0 
0.016169488159113433 0 2 2 0 0 0 
0.05433230633363238 0 3 3 0 0 0 
0.06166171996483143 0 3 0 3 0 0 
0.08475100244618908 0 3 0 0 3 0 
0.06106533711451299 0 3 0 0 0 3 
0.11484773717018451 0 0 3 3 0 0 
0.06106533711451299 0 0 3 0 3 0 
0.10993969044870555 0 0 3 0 0 3 
-0.0014634136416870318 0 0 0 1 1 0 
-0.0014634136416870318 0 0 0 2 2 0 
0.05929524181655192 0 0 0 3 3 0 
0.005429951066670494 0 0 0 1 3 1 
0.005429951066670494 0 0 0 2 3 2 
0.08424382575133188 0 0 0 3 0 3 
0.01616948815911343 0 0 0 0 1 1 
0.01616948815911343 0 0 0 0 2 2 
0.05433230633363238 0 0 0 0 3 3 
0.00490747879510323 3 1 1 0 0 0 
0.00490747879510323 3 2 2 0 0 0 
-0.0026372855115407053 1 0 1 0 0 0 
-0.0026372855115407053 2 0 2 0 0 0 
0.0017860067890508487 1 1 3 0 0 0 
0.0017860067890508487 2 2 3 0 0 0 
0.009702948635501214 3 0 0 1 1 0 
0.009702948635501214 3 0 0 2 2 0 
-0.039983843560339516 3 0 0 1 3 1 
-0.039983843560339516 3 0 0 2 3 2 
0.009702948635501214 1 1 0 3 0 0 
0.009702948635501214 2 2 0 3 0 0 
0.002366478148279504 1 1 0 1 1 0 
0.002366478148279504 1 1 0 2 2 0 
0.002366478148279504 2 2 0 1 1 0 
0.002366478148279504 2 2 0 2 2 0 
-0.007237092209030775 1 1 0 1 3 1 
-0.007237092209030775 1 1 0 2 3 2 
-0.007237092209030775 2 2 0 1 3 1 
-0.007237092209030775 2 2 0 2 3 2 
-0.039983843560339516 1 3 1 3 0 0 
-0.039983843560339516 2 3 2 3 0 0 
-0.007237092209030776 1 3 1 1 1 0 
-0.007237092209030776 1 3 1 2 2 0 
-0.007237092209030776 2 3 2 1 1 0 
-0.007237092209030776 2 3 2 2 2 0 
0.030603911418852638 1 3 1 1 3 1 
0.030603911418852638 1 3 1 2 3 2 
0.030603911418852638 2 3 2 1 3 1 
0.030603911418852638 2 3 2 2 3 2 
0.012144571004134004 3 0 0 0 1 1 
0.012144571004134004 3 0 0 0 2 2 
0.00034735301058736476 1 1 0 0 3 0 
0.00034735301058736476 2 2 0 0 3 0 
0.001209190897699945 1 1 0 0 1 1 
0.001209190897699945 1 1 0 0 2 2 
0.001209190897699945 2 2 0 0 1 1 
0.001209190897699945 2 2 0 0 2 2 
-0.0038464764092406498 1 3 1 0 3 0 
-0.0038464764092406498 2 3 2 0 3 0 
-0.007246975473330795 1 3 1 0 1 1 
-0.007246975473330795 1 3 1 0 2 2 
-0.007246975473330795 2 3 2 0 1 1 
-0.007246975473330795 2 3 2 0 2 2 
0.009032982262381646 1 1 0 0 0 3 
0.009032982262381646 2 2 0 0 0 3 
-0.03893003074464734 1 3 1 0 0 3 
-0.03893003074464734 2 3 2 0 0 3 
0.00034735301058736476 0 3 0 1 1 0 
0.00034735301058736476 0 3 0 2 2 0 
-0.0038464764092406498 0 3 0 1 3 1 
-0.0038464764092406498 0 3 0 2 3 2 
0.012144571004134004 0 1 1 3 0 0 
0.012144571004134004 0 2 2 3 0 0 
0.0012091908976999452 0 1 1 1 1 0 
0.0012091908976999452 0 1 1 2 2 0 
0.0012091908976999452 0 2 2 1 1 0 
0.0012091908976999452 0 2 2 2 2 0 
-0.007246975473330796 0 1 1 1 3 1 
-0.007246975473330796 0 1 1 2 3 2 
-0.007246975473330796 0 2 2 1 3 1 
-0.007246975473330796 0 2 2 2 3 2 
-0.009083276111563645 0 3 0 0 1 1 
-0.009083276111563645 0 3 0 0 2 2 
-0.009083276111563645 0 1 1 0 3 0 
-0.009083276111563645 0 2 2 0 3 0 
0.006733030780880611 0 1 1 0 1 1 
0.006733030780880611 0 1 1 0 2 2 
0.006733030780880611 0 2 2 0 1 1 
0.006733030780880611 0 2 2 0 2 2 
0.009965841277409413 0 1 1 0 0 3 
0.009965841277409413 0 2 2 0 0 3 
0.009032982262381646 0 0 3 1 1 0 
0.009032982262381646 0 0 3 2 2 0 
-0.03893003074464734 0 0 3 1 3 1 
-0.03893003074464734 0 0 3 2 3 2 
0.009965841277409413 0 0 3 0 1 1 
0.009965841277409413 0 0 3 0 2 2 
0.00490747879510323 0 0 0 3 1 1 
0.00490747879510323 0 0 0 3 2 2 
-0.0026372855115407053 0 0 0 1 0 1 
-0.0026372855115407053 0 0 0 2 0 2 
0.0017860067890508487 0 0 0 1 1 3 
0.0017860067890508487 0 0 0 2 2 3 
